-------------------------------------------------------------------
This file was generated using spherical AOs! Actually, there is
very little difference to Cartesian tensors, so either set may be used.
+++
HF normalized sp3 Hybrid Orbitals of Carbon (taken from NLMO of CH4)
the order of d orbitals is xx, yy, zz, xy, xz and yz.
Orbitals containing d,f,g-functions were obtained from
ISPHER=1. Such orbitals can be used with any ISPHER in FMO runs.
-------------------------------------------------------------------
cc-pVDZ 15 5
 1 0  0.073001  0.327576  0.211428  0.000000  0.000000  0.659685  0.000000
      0.000000  0.308077 -0.021065 -0.021065  0.042131  0.000000  0.000000
      0.000000
 0 1  0.073006  0.327600  0.211444  0.621943  0.000000 -0.219885  0.290451
      0.000000 -0.102688  0.035108 -0.021065 -0.014043  0.000000 -0.022932
      0.000000
 0 1  0.073004  0.327592  0.211439 -0.310978 -0.538623 -0.219882 -0.145229
     -0.251540 -0.102686 -0.007022  0.021065 -0.014043  0.028086  0.011466
      0.019861
 0 1  0.073004  0.327592  0.211439 -0.310978  0.538623 -0.219882 -0.145229
      0.251540 -0.102686 -0.007022  0.021065 -0.014043 -0.028086  0.011466
     -0.019861
 0 1  0.996761 -0.035495 -0.034218  0.000000  0.000000  0.000000  0.000000
      0.000000  0.000000  0.000000  0.000000  0.000000  0.000000  0.000000
      0.000000
cc-pVTZ 35 5
 1 0  0.091640  0.380441  0.080054  0.167614  0.000000  0.000000  0.348841
     -0.000002  0.000000  0.423641  0.000000  0.000000  0.204670 -0.013272
     -0.013272  0.026542  0.000000  0.000000  0.000000 -0.015051 -0.015051
      0.030102  0.000000  0.000000  0.000000  0.003803  0.000000  0.006681
      0.000000 -0.004483 -0.005103 -0.004483  0.000000  0.000000  0.000000
 0 1  0.091646  0.380470  0.080059  0.167626  0.328879  0.000000 -0.116272
      0.399400  0.000000 -0.141206  0.192959  0.000000 -0.068219  0.022118
     -0.013270 -0.008847  0.000000 -0.014448  0.000000  0.025084 -0.015051
     -0.010033  0.000000 -0.016386  0.000000  0.004690  0.000000  0.005910
      0.000000 -0.004611 -0.005927 -0.003318 -0.000367  0.000000  0.000000
 0 1  0.091645  0.380461  0.080057  0.167622 -0.164445 -0.284822 -0.116271
     -0.199706 -0.345894 -0.141203 -0.096482 -0.167109 -0.068218 -0.004425
      0.013270 -0.008847  0.017695  0.007225  0.012513 -0.005017  0.015051
     -0.010033  0.020068  0.008193  0.014191  0.004383 -0.000177  0.005910
     -0.000079 -0.003641 -0.006065 -0.004287  0.000183  0.000317 -0.000648
 0 1  0.091645  0.380461  0.080057  0.167622 -0.164445  0.284822 -0.116271
     -0.199706  0.345894 -0.141203 -0.096482  0.167109 -0.068218 -0.004425
      0.013270 -0.008847 -0.017695  0.007225 -0.012513 -0.005017  0.015051
     -0.010033 -0.020068  0.008193 -0.014191  0.004383  0.000177  0.005910
      0.000079 -0.003641 -0.006065 -0.004287  0.000183 -0.000317  0.000648
 0 1  0.971450 -0.053748  0.029900 -0.018485  0.000000  0.000000  0.000000
      0.000000  0.000000  0.000000  0.000000  0.000000  0.000000  0.000000
      0.000000  0.000000  0.000000  0.000000  0.000000  0.000000  0.000000
      0.000000  0.000000  0.000000  0.000000 -0.000143  0.000000 -0.000202
      0.000000  0.000135  0.000192  0.000135  0.000000  0.000000  0.000000
cc-pVQZ 70 5
 1 0  0.098812  0.236652  0.171666  0.362220  0.098138  0.000025  0.000000
      0.171139  0.000049  0.000000  0.330389  0.000056  0.000000  0.372673
      0.000021  0.000000  0.138203 -0.005681 -0.005683  0.011364  0.000000
     -0.000002  0.000000 -0.013678 -0.013683  0.027361  0.000000 -0.000002
      0.000000 -0.012803 -0.012808  0.025613  0.000000 -0.000002  0.000000
      0.000458  0.000000  0.003308  0.000000 -0.002219 -0.000613 -0.002219
      0.000000  0.000000  0.000000  0.004792  0.000000  0.006858  0.000000
     -0.004601 -0.006430 -0.004601  0.000000  0.000000  0.000000  0.000653
      0.000653  0.001743  0.000000 -0.000264  0.000000  0.000000  0.000000
      0.000000  0.000383 -0.001530 -0.001530  0.000000  0.000353  0.000000
 0 1  0.098808  0.236639  0.171658  0.362202  0.098133  0.161355  0.000000
     -0.057046  0.311503  0.000000 -0.110128  0.351370  0.000000 -0.124222
      0.130304  0.000000 -0.046068  0.009470 -0.005683 -0.003787  0.000000
     -0.006185  0.000000  0.022802 -0.013681 -0.009121  0.000000 -0.014893
      0.000000  0.021344 -0.012806 -0.008538  0.000000 -0.013941  0.000000
      0.002270  0.000000  0.001732  0.000000 -0.002484 -0.002298  0.000162
     -0.000748  0.000000  0.000000  0.004847  0.000000  0.006809  0.000000
     -0.004608 -0.006480 -0.004529 -0.000023  0.000000  0.000000  0.000845
      0.000653  0.000216  0.000000 -0.001743  0.000000  0.000000  0.001021
      0.000000 -0.001126 -0.000358 -0.000023  0.000000  0.000970  0.000000
 0 1  0.098840  0.236720  0.171717  0.362325  0.098166 -0.080659 -0.139725
     -0.057030 -0.155714 -0.269742 -0.110097 -0.175643 -0.304266 -0.124187
     -0.065135 -0.112836 -0.046054 -0.001894  0.005681 -0.003787  0.007575
      0.003092  0.005356 -0.004560  0.013677 -0.009117  0.018239  0.007445
      0.012897 -0.004269  0.012803 -0.008536  0.017073  0.006969  0.012074
      0.001642 -0.000362  0.001732 -0.000162 -0.000501 -0.002579 -0.001823
      0.000374  0.000648 -0.001323  0.004829 -0.000011  0.006812 -0.000005
     -0.004550 -0.006491 -0.004590  0.000011  0.000019 -0.000040 -0.000300
     -0.000206  0.000216 -0.000812 -0.000596  0.000936  0.000662 -0.000509
     -0.000884  0.000634 -0.000107 -0.000274  0.000297  0.001483 -0.000167
 0 1  0.098840  0.236720  0.171717  0.362325  0.098166 -0.080659  0.139725
     -0.057030 -0.155714  0.269742 -0.110097 -0.175643  0.304266 -0.124187
     -0.065135  0.112836 -0.046054 -0.001894  0.005681 -0.003787 -0.007575
      0.003092 -0.005356 -0.004560  0.013677 -0.009117 -0.018239  0.007445
     -0.012897 -0.004269  0.012803 -0.008536 -0.017073  0.006969 -0.012074
      0.001642  0.000362  0.001732  0.000162 -0.000501 -0.002579 -0.001823
      0.000374 -0.000648  0.001323  0.004829  0.000011  0.006812  0.000005
     -0.004550 -0.006491 -0.004590  0.000011 -0.000019  0.000040 -0.000300
     -0.000206  0.000216  0.000812 -0.000596 -0.000936 -0.000662 -0.000509
      0.000884  0.000634 -0.000107 -0.000274 -0.000297  0.001483  0.000167
 0 1  0.986484 -0.031410 -0.003518 -0.061204 -0.015012  0.000000  0.000000
      0.000000  0.000000  0.000000  0.000000  0.000000  0.000000  0.000000
      0.000000  0.000000  0.000000  0.000000  0.000000  0.000000  0.000000
      0.000000  0.000000  0.000000  0.000000  0.000000  0.000000  0.000000
      0.000000  0.000000  0.000000  0.000000  0.000000  0.000000  0.000000
     -0.000029  0.000000 -0.000041  0.000000  0.000028  0.000039  0.000028
      0.000000  0.000000  0.000000 -0.000852  0.000000 -0.001206  0.000000
      0.000809  0.001144  0.000809  0.000000  0.000000  0.000000 -0.000023
     -0.000023 -0.000061  0.000000  0.000081  0.000000  0.000000  0.000000
      0.000000 -0.000013  0.000054  0.000054  0.000000 -0.000109  0.000000
auccpVDZ 25 5
 1 0  0.093295  0.384824  0.128093  0.000004 -0.000002  0.761998  0.000000
      0.000000  0.193717 -0.024678 -0.024678  0.049356  0.000000  0.000000
      0.000000 -0.000275  0.000000  0.000000 -0.023278  0.025231  0.025231
     -0.050462  0.000000  0.000000  0.000000
 0 1  0.093318  0.384927  0.128129 -0.359143 -0.622142 -0.253971 -0.091302
     -0.158163 -0.064566 -0.008223  0.024674 -0.016451  0.032901  0.013431
      0.023266 -0.000275  0.010970  0.019006  0.007759  0.008409 -0.025227
      0.016818 -0.033640 -0.013732 -0.023786
 0 1  0.093320  0.384927  0.128129 -0.359143  0.622142 -0.253969 -0.091302
      0.158163 -0.064566 -0.008223  0.024674 -0.016451 -0.032901  0.013431
     -0.023266 -0.000275  0.010971 -0.019006  0.007759  0.008409 -0.025227
      0.016818  0.033640 -0.013732  0.023786
 0 1  0.093299  0.384840  0.128099  0.718436  0.000000 -0.253917  0.182644
      0.000000 -0.064551  0.041126 -0.024680 -0.016446  0.000000 -0.026866
      0.000000 -0.000275 -0.021947  0.000000  0.007757 -0.042049  0.025235
      0.016816  0.000000  0.027468  0.000000
 0 1  0.998158 -0.035802 -0.044131  0.000000  0.000000  0.000000  0.000000
      0.000000  0.000000  0.000000  0.000000  0.000000  0.000000  0.000000
      0.000000 -0.008695  0.000000  0.000000  0.000000  0.000000  0.000000
      0.000000  0.000000  0.000000  0.000000
auccpVTZ 55 5
 1 0  0.081377  0.335287  0.072667  0.158143 -0.000018  0.000000  0.301336
     -0.000022  0.000000  0.397665 -0.000018  0.000000  0.319494 -0.011872
     -0.011869  0.023740  0.000000  0.000001  0.000000 -0.028828 -0.028823
      0.057653  0.000000  0.000001  0.000000  0.001672  0.000000  0.005553
      0.000000 -0.003725 -0.002242 -0.003725  0.000000  0.000000  0.000000
     -0.000266 -0.000001  0.000000  0.023332 -0.018652 -0.018649  0.037300
      0.000000  0.000001  0.000000 -0.004573  0.000000  0.006300  0.000000
     -0.004226  0.006135 -0.004226  0.000000  0.000000  0.000000
 0 1  0.081383  0.335311  0.072671  0.158155 -0.142049 -0.246034 -0.100441
     -0.187458 -0.324684 -0.132550 -0.150609 -0.260859 -0.106493 -0.003957
      0.011870 -0.007913  0.015827  0.006462  0.011191 -0.009609  0.028825
     -0.019216  0.038434  0.015690  0.027177  0.003091 -0.000434  0.003663
     -0.000195 -0.001664 -0.004596 -0.003249  0.000449  0.000776 -0.001584
     -0.000266 -0.011000 -0.019051 -0.007777 -0.006217  0.018649 -0.012433
      0.024865  0.010151  0.017583  0.001111 -0.001737 -0.001266 -0.000777
      0.004021 -0.003285 -0.002322  0.001795  0.003108 -0.006344
 0 1  0.081383  0.335311  0.072671  0.158155 -0.142049  0.246034 -0.100441
     -0.187458  0.324684 -0.132550 -0.150609  0.260859 -0.106493 -0.003957
      0.011870 -0.007913 -0.015827  0.006462 -0.011191 -0.009609  0.028825
     -0.019216 -0.038434  0.015690 -0.027177  0.003091  0.000434  0.003663
      0.000195 -0.001664 -0.004596 -0.003249  0.000449 -0.000776  0.001584
     -0.000266 -0.011000  0.019051 -0.007777 -0.006217  0.018649 -0.012433
     -0.024865  0.010151 -0.017583  0.001111  0.001737 -0.001266  0.000777
      0.004021 -0.003285 -0.002322  0.001795 -0.003108  0.006344
 0 1  0.081389  0.335334  0.072677  0.158165  0.284093  0.000000 -0.100423
      0.374912  0.000000 -0.132528  0.301214  0.000000 -0.106475  0.019782
     -0.011870 -0.007912  0.000000 -0.012922  0.000000  0.048041 -0.028826
     -0.019213  0.000000 -0.031380  0.000000  0.003842  0.000000  0.003663
      0.000000 -0.004041 -0.004260 -0.000872 -0.000896  0.000000  0.000000
     -0.000266  0.021998  0.000000 -0.007775  0.031080 -0.018650 -0.012430
      0.000000 -0.020302  0.000000  0.004120  0.000000 -0.001266  0.000000
     -0.005495 -0.001939  0.007193 -0.003588  0.000000  0.000000
 0 1  0.971988 -0.052851  0.030022 -0.022185  0.000000  0.000000  0.000000
      0.000000  0.000000  0.000000  0.000000  0.000000  0.000000  0.000000
      0.000000  0.000000  0.000000  0.000000  0.000000  0.000000  0.000000
      0.000000  0.000000  0.000000  0.000000  0.000077  0.000000  0.000109
      0.000000 -0.000073 -0.000104 -0.000073  0.000000  0.000000  0.000000
      0.000943  0.000000  0.000000  0.000000  0.000000  0.000000  0.000000
      0.000000  0.000000  0.000000 -0.000809  0.000000 -0.001144  0.000000
      0.000767  0.001086  0.000767  0.000000  0.000000  0.000000
auccpVQZ 105 5
 1 0  0.080603  0.196793  0.145927  0.310115  0.193476 -0.000003 -0.000004
      0.143124 -0.000006 -0.000009  0.273505 -0.000007 -0.000010  0.348654
     -0.000004 -0.000007  0.223127 -0.004391 -0.004390  0.009501  0.000000
      0.000000  0.000000 -0.010765 -0.010763  0.026348  0.000000  0.000000
      0.000000 -0.023722 -0.023720  0.057438  0.000001  0.000000  0.000001
      0.000464  0.000000  0.003016  0.000000 -0.002023 -0.000623 -0.002023
      0.000000  0.000000  0.000000  0.002236  0.000000  0.004965  0.000000
     -0.003331 -0.003001 -0.003331  0.000000  0.000000  0.000000  0.001163
      0.001163  0.002381  0.000000 -0.000031  0.000000  0.000000  0.000000
      0.000000  0.000681 -0.001459 -0.001459  0.000000  0.000041  0.000000
     -0.007096  0.000000  0.000000  0.016632 -0.004045 -0.004045  0.025824
      0.000000  0.000000  0.000000 -0.003077  0.000000  0.009122  0.000000
     -0.006119  0.004127 -0.006119  0.000000  0.000000  0.000000  0.002295
      0.002295  0.002072  0.000000  0.000787  0.000000  0.000000  0.000000
      0.000000  0.001343  0.001737  0.001737  0.000000 -0.001056  0.000000
 0 1  0.080601  0.196785  0.145922  0.310103  0.193468 -0.067475 -0.116860
     -0.047711 -0.128940 -0.223316 -0.091175 -0.164368 -0.284672 -0.116225
     -0.105190 -0.182181 -0.074380 -0.001304  0.004872 -0.002847  0.006174
      0.002521  0.004366 -0.002518  0.013979 -0.006641  0.016495  0.006735
      0.011664 -0.005686  0.030386 -0.014704  0.036070  0.014726  0.025506
      0.001514 -0.000322  0.001618 -0.000144 -0.000499 -0.002364 -0.001671
      0.000332  0.000574 -0.001173  0.003039 -0.000245  0.003897 -0.000110
     -0.002167 -0.004331 -0.003063  0.000254  0.000439 -0.000896 -0.000026
      0.000092  0.000479 -0.001012 -0.000443  0.001167  0.000825 -0.000636
     -0.001101  0.000994  0.000317  0.000107  0.000370  0.001448 -0.000208
     -0.007096 -0.007840 -0.013580 -0.005544  0.002591  0.015868 -0.000727
      0.013276  0.005421  0.009388  0.002922 -0.001834  0.001138 -0.000819
      0.002584 -0.005813 -0.004111  0.001894  0.003280 -0.006695  0.002152
      0.002167  0.001844 -0.000122  0.000737  0.000139  0.000100 -0.000076
     -0.000132  0.001382  0.001950  0.001925  0.000044 -0.000885 -0.000025
 0 1  0.080608  0.196804  0.145936  0.310133  0.193488 -0.067459  0.116861
     -0.047709 -0.128912  0.223317 -0.091169 -0.164332  0.284674 -0.116219
     -0.105167  0.182182 -0.074376 -0.001304  0.004870 -0.002847 -0.006174
      0.002521 -0.004366 -0.002515  0.013977 -0.006641 -0.016495  0.006733
     -0.011663 -0.005682  0.030383 -0.014703 -0.036071  0.014723 -0.025505
      0.001515  0.000322  0.001618  0.000144 -0.000499 -0.002364 -0.001671
      0.000332 -0.000574  0.001173  0.003039  0.000245  0.003898  0.000110
     -0.002167 -0.004331 -0.003063  0.000254 -0.000439  0.000896 -0.000026
      0.000092  0.000479  0.001012 -0.000443 -0.001169 -0.000827 -0.000636
      0.001101  0.000994  0.000316  0.000107 -0.000370  0.001449  0.000208
     -0.007096 -0.007839  0.013579 -0.005544  0.002594  0.015867 -0.000727
     -0.013275  0.005419 -0.009388  0.002922  0.001834  0.001138  0.000819
      0.002584 -0.005813 -0.004109  0.001893 -0.003280  0.006695  0.002152
      0.002167  0.001844  0.000122  0.000737 -0.000139 -0.000100 -0.000076
      0.000132  0.001382  0.001950  0.001925 -0.000044 -0.000887  0.000025
 0 1  0.080602  0.196789  0.145924  0.310107  0.193472  0.134942 -0.000010
     -0.047705  0.257869 -0.000021 -0.091161  0.328721 -0.000026 -0.116209
      0.210370 -0.000018 -0.074369  0.007958 -0.004391 -0.002847  0.000000
     -0.005042  0.000000  0.022226 -0.010765 -0.006641  0.000001 -0.013468
      0.000001  0.048420 -0.023722 -0.014701  0.000003 -0.029452  0.000003
      0.002070  0.000000  0.001618  0.000000 -0.002258 -0.002114  0.000088
     -0.000664  0.000000  0.000000  0.003464  0.000000  0.003897  0.000000
     -0.003510 -0.004140 -0.001719 -0.000507  0.000000  0.000000  0.001401
      0.001163  0.000479  0.000000 -0.001875  0.000000  0.000000  0.001271
      0.000000 -0.001200  0.000003  0.000421  0.000000  0.000809  0.000000
     -0.007096  0.015681 -0.000001 -0.005544  0.022505 -0.004046 -0.000727
      0.000001 -0.010840  0.000001  0.006097  0.000000  0.001138  0.000000
     -0.007459 -0.004393  0.005932 -0.003787  0.000000  0.000000  0.002324
      0.002295  0.001844  0.000000  0.000565  0.000000  0.000000  0.000153
      0.000000  0.001119  0.001912  0.001962  0.000000 -0.000963  0.000000
 0 1  0.988495 -0.030599 -0.001474 -0.066516 -0.033176  0.000000  0.000000
      0.000000  0.000000  0.000000  0.000000  0.000000  0.000000  0.000000
      0.000000  0.000000  0.000000 -0.000018 -0.000018 -0.000018  0.000000
      0.000000  0.000000 -0.000118 -0.000118 -0.000118  0.000000  0.000000
      0.000000 -0.000244 -0.000244 -0.000244  0.000000  0.000000  0.000000
     -0.000111  0.000000 -0.000158  0.000000  0.000106  0.000149  0.000106
      0.000000  0.000000  0.000000 -0.000806  0.000000 -0.001140  0.000000
      0.000765  0.001081  0.000765  0.000000  0.000000  0.000000 -0.000060
     -0.000060 -0.000107  0.000000  0.000101  0.000000  0.000000  0.000000
      0.000000 -0.000035  0.000048  0.000048  0.000000 -0.000136  0.000000
     -0.000482  0.000000  0.000000  0.000000 -0.000432 -0.000432 -0.000432
      0.000000  0.000000  0.000000 -0.000282  0.000000 -0.000399  0.000000
      0.000268  0.000378  0.000268  0.000000  0.000000  0.000000 -0.000173
     -0.000173 -0.000166  0.000000 -0.000015  0.000000  0.000000  0.000000
      0.000000 -0.000102 -0.000114 -0.000114  0.000000  0.000020  0.000000
